$ 1 0.000005 12.050203812241895 46 5 43
t 240 128 304 128 0 1 -0.7095865392048673 0.7509031935134751 100
t 256 176 304 176 0 1 0.6226427204126526 0.7222523761511064 100
t 256 272 304 272 0 1 -0.7274621718179777 0.03476290821729666 100
L 144 176 96 176 0 1 false 5 0
w 304 160 352 160 0
w 304 256 352 256 0
w 304 352 352 352 0
w 304 432 352 432 0
w 304 144 352 144 0
w 352 144 352 160 0
w 304 192 368 192 0
w 304 288 368 288 0
w 304 384 368 384 0
R 352 112 416 112 0 0 40 5 0 0 0.5
w 304 112 352 112 0
w 416 192 480 192 0
w 480 192 480 224 0
g 480 288 480 336 0
w 304 304 352 304 0
w 304 208 352 208 0
w 304 400 352 400 0
w 304 336 368 336 0
w 304 240 368 240 0
w 352 432 368 432 0
w 352 160 352 208 0
w 352 208 352 256 0
w 352 256 352 304 0
w 352 304 352 352 0
w 352 352 352 400 0
w 416 240 416 192 0
w 416 240 416 288 0
w 416 288 416 336 0
w 416 336 416 384 0
w 416 384 416 432 0
t 256 224 304 224 0 -1 1.3848678004493515 0.6226427204126526 100
w 256 224 256 176 0
R 128 128 96 128 1 2 10 2.5 2.5 0 0.5
r 144 176 256 176 0 200
w 256 320 256 272 0
L 128 272 96 272 0 0 false 5 0
L 128 368 96 368 0 1 false 5 0
r 256 368 128 368 0 200
w 256 368 256 416 0
r 128 272 256 272 0 200
t 256 320 304 320 0 -1 -0.6607272936494435 -0.7274621718179777 100
t 256 368 304 368 0 1 0.6226427204126428 0.7222523761511068 100
t 256 416 304 416 0 -1 1.3848678004493422 0.6226427204126428 100
r 368 336 416 336 0 5
r 368 432 416 432 0 5
r 368 240 416 240 0 5
r 368 288 416 288 0 5
r 368 384 416 384 0 5
r 368 192 416 192 0 5
r 480 224 480 288 0 5
w 480 160 480 192 0
w 480 80 480 112 0
w 432 80 480 80 0
w 240 128 240 96 0
w 240 80 432 80 0
w 240 96 240 80 0
d 128 128 176 128 1 0.805904783
w 176 128 240 128 0
r 480 112 480 160 0 10
w 480 192 512 192 0
w 512 192 512 224 0
w 512 288 480 288 0
o 53 64 0 4099 5 0.8 0 2 53 3
